[1,["7eEoISynJG0ZHMDVoblAqF","37v0REZVZAqrnElwmnCqRw@8d407","37v0REZVZAqrnElwmnCqRw@67662","37v0REZVZAqrnElwmnCqRw@b60d1","37v0REZVZAqrnElwmnCqRw@221a5","53p/ruOKhGtLk1GkPvWRlO@6c48a","31efElhFtEdoy6iFNyPNjz@6c48a","37v0REZVZAqrnElwmnCqRw@0089c","37v0REZVZAqrnElwmnCqRw@3effa","265A/RP0hNf7cfTprIYA3n@6c48a","9e5LMmDM1Nr5quRtQU+fOS"],["_parent","node","_mesh","_skeleton","root","data","mainTexture","occlusionMap","occlusionMap2","pbrMap","normalMap","indirectmap","_effectAsset"],[["cc.Node",["_name","_prefab","_children","_lrot","_euler","_parent","_lpos","_components"],2,4,2,5,5,1,5,9],["cc.Mesh",["_native","_hash","_struct"],0],["cc.Prefab",["_name"],2],["cc.Node",["_name","_parent","_children","_prefab","_lpos","_lrot","_euler"],2,1,9,4,5,5,5],["cc.SkeletalAnimation",["node","__prefab"],3,1,4],["cc.CompPrefabInfo",["fileId"],2],["cc.PrefabInfo",["fileId","instance","targetOverrides","nestedPrefabInstanceRoots","root","asset"],-1,1,1],["cc.SkinnedMeshRenderer",["node","__prefab","_materials","bakeSettings","_skinningRoot","_mesh","_skeleton"],3,1,4,3,4,1,6,6],["cc.ModelBakeSettings",[],3],["cc.Skeleton",["_name","_hash","_joints","_bindposes"],0,12],["cc.Material",["_name","_states","_defines","_props"],0,12]],[[6,0,1,2,3,4,5,5],[0,0,5,2,1,6,3,4,2],[0,0,5,1,6,3,4,2],[3,0,1,2,3,4,5,6,2],[5,0,2],[1,0,1,2,4],[0,0,5,2,1,3,4,2],[0,0,5,7,1,2],[7,0,1,2,3,4,5,6,1],[8,1],[2,0,2],[0,0,2,7,1,2],[0,0,2,1,6,3,4,2],[4,0,1,1],[9,0,1,2,3,4],[10,0,1,2,3,4]],[[[[5,".bin",388925027,{"encoded":true,"compressed":true,"primitives":[{"primitiveMode":7,"jointMapIndex":0,"vertexBundelIndices":[0],"indexView":{"offset":179644,"length":25072,"count":27810,"stride":4}}],"vertexBundles":[{"view":{"offset":0,"length":179641,"count":4809,"stride":72},"attributes":[{"name":"a_position","format":32,"isNormalized":false},{"name":"a_normal","format":32,"isNormalized":false},{"name":"a_texCoord","format":21,"isNormalized":false},{"name":"a_tangent","format":44,"isNormalized":false},{"name":"a_joints","format":42,"isNormalized":false},{"name":"a_weights","format":44,"isNormalized":false}]}],"minPosition":{"x":-1.0560598373413086,"y":-0.1897554248571396,"z":-0.14771033823490143},"maxPosition":{"x":0.0354200080037117,"y":0.14755401015281677,"z":0.12109062075614929},"jointMaps":[[0,1]]}],-1],0,0,[],[],[]],[[[10,"hand"],[11,"hand",[-3],[[13,-2,[4,"f3xyxnLZpTALZkINZdUdjR"]]],[0,"4cBLRR8mldJJP+/lBjG9st",null,null,null,-1,0]],[12,"hand.R",[-4,-5,-6,-7],[0,"70zMOS5m9RfJGARupSQLwh",null,null,null,1,0],[1,-5.587935447692871e-9,0.5273623466491699,-4.190951585769653e-9],[3,0.032154440036339514,-0.012998685831083765,0.07284956234327834,0.9967397189933825],[1,3.8240066831465223,-1.7719544310333968,8.301851294126308]],[6,"hand.003",1,[-8,-9,-10],[0,"5byf1Pnq1WtLPkPE3LjFKo",null,null,null,1,0],[3,-0.4958836476716575,0,0,0.8683889727373623],[1,-59.45607191506061,0,0]],[1,"palm.01.R",2,[-11,-12],[0,"08DYJD8thR6bDhjSlq2fEO",null,null,null,1,0],[1,0.008559498935937881,0.07567545771598816,0.03130209445953369],[3,0.03402071033853556,-0.8009979035136072,-0.11075912286414194,0.5873477390245349],[1,-8.04066304169097,-108.24688805195309,-10.638353201525216]],[7,"cloth_Bake",3,[[8,-13,[4,"97HQ2cj8ZcYJiHmybFuH+/"],[0],[9],1,1,2]],[0,"2cvb3bPJJfp5zAwCMlbO6B",null,null,null,1,0]],[7,"hand_Bake",3,[[8,-14,[4,"12A2D7LAVVurzJY4VWxHNg"],[3],[9],1,4,5]],[0,"d4Pv0JKE1VFbh9YBtAGgZk",null,null,null,1,0]],[6,"upper_arm.R",3,[-15],[0,"34/uJ3MRdTJYmMWEHcVfDy",null,null,null,1,0],[3,-0.00195560397074911,-0.08121687268890221,0.7138366186711486,0.6955841265065538],[1,99.59093128236904,-106.34535394240679,83.40585104923329]],[1,"forearm.R",7,[2],[0,"27kgO1NVlRH4gZ7EoNlQdm",null,null,null,1,0],[1,-5.587935447692871e-9,0.5176989436149597,9.313225746154785e-10],[3,0.05589169133801162,0.0995717696030736,-0.02867481045764862,0.9930454857571765],[1,6.709713094100983,11.60569314148364,-2.6262300565006673]],[1,"f_index.01.R",4,[-16],[0,"eexh7tohBQEI1glCeEpNWp",null,null,null,1,0],[1,6.51925802230835e-9,0.10716138035058975,4.842877388000488e-8],[3,0.1640572725536379,0.00019767065877250142,0.07020951184888748,0.9839490823688556],[1,19.023098744780455,-1.3103133525960438,7.945438526100914]],[3,"f_index.02.R",9,[[2,"f_index.03.R",-17,[0,"570/xjU19YbYE3O31sAISY",null,null,null,1,0],[1,1.4901161193847656e-8,0.04720289260149002,1.0413350537419319e-7],[3,0.06650275023487202,-0.13944910532719043,0.027165191376723276,0.9876200603532264],[1,7.991196110932188,-16.214298772394287,2.012084276123482]]],[0,"7dbBEtp/tQ/oUdqWgZo9mH",null,null,null,1,0],[1,1.605367287993431e-7,0.08699464797973633,-6.263144314289093e-8],[3,0.29177500474569756,0.29090859166853156,0.06321762215521752,0.9089791362556788],[1,30.994949727551393,30.877560145633296,16.540122688104837]],[1,"thumb.01.R",4,[-18],[0,"fdeCbLs3FQq6LEW4Lg/nDf",null,null,null,1,0],[1,0.02945292368531227,-0.016200292855501175,0.03678234666585922],[3,0.11747852687486812,-0.5210040796466998,-0.23283041963338996,0.8127382976137805],[1,-3.4213360635281904,-66.24247204756394,-30.057839003265418]],[3,"thumb.02.R",11,[[2,"thumb.03.R",-19,[0,"f4C7MYp2ha7Y2bGtZgXErX",null,null,null,1,0],[1,1.6391277313232422e-7,0.0650864988565445,-5.029141902923584e-8],[3,0.17395527481157724,-0.05521698984091171,0.10001270369694182,0.978104342847615],[1,20.912214941989856,-8.342347550946174,10.162185581313679]]],[0,"cammN73AZbnJz80AlZfuEw",null,null,null,1,0],[1,5.122274160385132e-8,0.08907458931207657,-2.9802322387695312e-8],[3,0.1515300348959069,0.01485124251041894,-0.007269842661045951,0.9883143419520055],[1,17.442536725258492,1.808562449446411,-0.5654589892153121]],[1,"palm.02.R",2,[-20],[0,"c7LALRXY9ZzaJ+efuVCC07",null,null,null,1,0],[1,0.014788683503866196,0.08316672593355179,0.010676529258489609],[3,-0.09836235541721619,-0.8103715098378144,-0.06860438664050116,0.5735122502733826],[1,-12.98804084612764,-108.8973822970775,4.630480739720231]],[1,"f_middle.01.R",13,[-21],[0,"b1o2m6HTNWuJxhPcAQtouQ",null,null,null,1,0],[1,0,0.10202445089817047,1.0989606380462646e-7],[3,0.2252901630281347,0.012440721431314868,0.001021518365998982,0.9742117466922952],[1,26.036771821902185,1.3626337662920462,0.4352168932893287]],[3,"f_middle.02.R",14,[[2,"f_middle.03.R",-22,[0,"681+EB+NpbOK6kLihpMNG2",null,null,null,1,0],[1,3.725290298461914e-8,0.05531616136431694,1.3224780559539795e-7],[3,0.044130199378391716,0.050458047829070964,0.05694291725514029,0.9961244977845775],[1,4.746596160442736,5.518658839487833,6.770800882006376]]],[0,"98sWztwzZUnpkw/rPGZQ7y",null,null,null,1,0],[1,8.940696716308594e-8,0.0943252220749855,-8.381903171539307e-8],[3,0.34777736546677024,0.19940470091888612,-0.041280515352917886,0.915196475284209],[1,40.86945737298491,23.234100721160665,3.619909639088769]],[1,"palm.03.R",2,[-23],[0,"44FffR2u9XtYvUnQYhnJKK",null,null,null,1,0],[1,0.015161525458097458,0.08029090613126755,-0.020225076004862785],[3,-0.12137135242694655,-0.7050476146511074,-0.021029280714248377,0.6983800005995865],[1,-11.607861464117738,-89.71457540694021,8.150415006616262]],[1,"f_ring.01.R",16,[-24],[0,"feWmCXtOVZyobdsId6U5Rc",null,null,null,1,0],[1,-5.122274160385132e-8,0.10758291184902191,-2.9802322387695312e-8],[3,0.23737810982687438,-0.1843195442015406,-0.03394632848085772,0.9531660848892108],[1,26.435853775128653,-19.82881039649093,-8.755590821332056]],[3,"f_ring.02.R",17,[[2,"f_ring.03.R",-25,[0,"ebsexuIlhau7cJ6B5H444/",null,null,null,1,0],[1,2.7939677238464355e-8,0.045725613832473755,0],[3,0.06106670666492107,0.05474017271442168,0.008148617235428358,0.9965981993087517],[1,6.941599445584469,6.208170546062885,1.3137582955870162]]],[0,"4ec/oajJ9UY6zw1tJzM51a",null,null,null,1,0],[1,-2.60770320892334e-8,0.07924528419971466,-3.725290298461914e-8],[3,0.3078613557237335,0.22650410072802582,-0.04441392017403092,0.9230084949230468],[1,36.11525671077785,26.501080579778016,3.294883086380846]],[1,"palm.04.R",2,[-26],[0,"f9AFH7RKxSXavQC1HyIWmY",null,null,null,1,0],[1,0.012178875505924225,0.0747406929731369,-0.04625663161277771],[3,-0.12498731778965004,-0.7301208299648883,0.10447715857372801,0.663616054190593],[1,-0.8062219374442116,-95.33081214575189,18.73412752762764]],[1,"f_pinky.01.R",19,[-27],[0,"2bFyG7X45XU4Du/7Vk72r9",null,null,null,1,0],[1,3.725290298461914e-9,0.1003115326166153,-3.725290298461914e-9],[3,0.09051170103888118,-0.06129179084707902,-0.013238210090332716,0.9939193619924155],[1,10.278021054013873,-6.864715185600052,-2.1439740963240457]],[3,"f_pinky.02.R",20,[[2,"f_pinky.03.R",-28,[0,"b9uuqvmFVYErRk83EGF9Up",null,null,null,1,0],[1,-2.421438694000244e-8,0.04205501824617386,-8.381903171539307e-8],[3,0.08082780830178284,0.096685899408032,-0.05656108895456227,0.9904138253664799],[1,9.895035423763282,11.630573124197575,-5.532361421596665]]],[0,"4dc2165QdQVYkUZsstE/iE",null,null,null,1,0],[1,0,0.0518912747502327,-1.4156103134155273e-7],[3,0.2507441524742506,0.02733782739554326,-0.20445639446156788,0.9458211226003769],[1,31.551923546591176,9.569680464114253,-21.90376505712891]]],0,[0,4,1,0,1,1,0,-1,3,0,-1,4,0,-2,13,0,-3,16,0,-4,19,0,-1,5,0,-2,6,0,-3,7,0,-1,9,0,-2,11,0,1,5,0,1,6,0,-1,8,0,-1,10,0,0,10,0,-1,12,0,0,12,0,-1,14,0,-1,15,0,0,15,0,-1,17,0,-1,18,0,0,18,0,-1,20,0,-1,21,0,0,21,0,5,1,2,0,8,28],[0,0,0,0,0,0],[-1,2,3,-1,2,3],[0,2,1,0,3,1]],[[[14,"hand.003",3774084900,["hand.003/upper_arm.R","hand.003/upper_arm.R/forearm.R","hand.003/upper_arm.R/forearm.R/hand.R","hand.003/upper_arm.R/forearm.R/hand.R/palm.01.R","hand.003/upper_arm.R/forearm.R/hand.R/palm.01.R/f_index.01.R","hand.003/upper_arm.R/forearm.R/hand.R/palm.01.R/f_index.01.R/f_index.02.R","hand.003/upper_arm.R/forearm.R/hand.R/palm.01.R/f_index.01.R/f_index.02.R/f_index.03.R","hand.003/upper_arm.R/forearm.R/hand.R/palm.01.R/thumb.01.R","hand.003/upper_arm.R/forearm.R/hand.R/palm.01.R/thumb.01.R/thumb.02.R","hand.003/upper_arm.R/forearm.R/hand.R/palm.01.R/thumb.01.R/thumb.02.R/thumb.03.R","hand.003/upper_arm.R/forearm.R/hand.R/palm.02.R","hand.003/upper_arm.R/forearm.R/hand.R/palm.02.R/f_middle.01.R","hand.003/upper_arm.R/forearm.R/hand.R/palm.02.R/f_middle.01.R/f_middle.02.R","hand.003/upper_arm.R/forearm.R/hand.R/palm.02.R/f_middle.01.R/f_middle.02.R/f_middle.03.R","hand.003/upper_arm.R/forearm.R/hand.R/palm.03.R","hand.003/upper_arm.R/forearm.R/hand.R/palm.03.R/f_ring.01.R","hand.003/upper_arm.R/forearm.R/hand.R/palm.03.R/f_ring.01.R/f_ring.02.R","hand.003/upper_arm.R/forearm.R/hand.R/palm.03.R/f_ring.01.R/f_ring.02.R/f_ring.03.R","hand.003/upper_arm.R/forearm.R/hand.R/palm.04.R","hand.003/upper_arm.R/forearm.R/hand.R/palm.04.R/f_pinky.01.R","hand.003/upper_arm.R/forearm.R/hand.R/palm.04.R/f_pinky.01.R/f_pinky.02.R","hand.003/upper_arm.R/forearm.R/hand.R/palm.04.R/f_pinky.01.R/f_pinky.02.R/f_pinky.03.R"],[[[7,-0.03231773525476456,-0.9927490949630737,-0.11577829718589783,0,0.5997405648231506,-0.11192822456359863,0.7923276424407959,0,-0.7995415329933167,-0.04383068159222603,0.5990092754364014,0,0,0,0,1],[7,0.03713158145546913,-0.999305248260498,-0.0031765918247401714,0,0.4327613115310669,0.01321483589708805,0.9014116525650024,0,-0.9007434248924255,-0.034845512360334396,0.43295133113861084,0,0.023721136152744293,-0.5136131048202515,0.06042395159602165,1],[7,-0.10766015201807022,-0.9922531843185425,0.06199011206626892,0,0.4575105905532837,0.005910730920732021,0.8891844153404236,0,-0.8826624751091003,0.12409090250730515,0.4533301293849945,0,-0.12499438971281052,-1.027479887008667,0.12847228348255157,1],[7,0.27417054772377014,-0.9602741003036499,-0.05199363827705383,0,0.688076913356781,0.23365144431591034,-0.686991274356842,0,0.6718485951423645,0.15257714688777924,0.7248029112815857,0,0.3354491889476776,-1.062508225440979,-0.05272452533245087,1],[7,0.13755129277706146,-0.9537663459777832,0.2672237455844879,0,0.6980321407318115,-0.09806591272354126,-0.7093194127082825,0,0.7027309536933899,0.2840985059738159,0.6522705554962158,0,0.1692645102739334,-1.1585243940353394,0.3355647623538971,1],[7,-0.28981995582580566,-0.6246337890625,0.725145697593689,0,0.8953520655632019,-0.4446471929550171,-0.025168120861053467,0,0.33815503120422363,0.6419665813446045,0.6881349682807922,0,-0.38040781021118164,-0.8238760232925415,0.9322501420974731,1],[7,-0.09769345819950104,-0.5074998736381531,0.8560952544212341,0,0.8365733623504639,-0.5078225135803223,-0.20557518303394318,0,0.5390740036964417,0.6961033940315247,0.47417208552360535,0,-0.1354829967021942,-0.7192245721817017,1.1121777296066284,1],[7,0.5353886485099792,-0.7819977402687073,-0.31912049651145935,0,-0.4213220477104187,0.08019080013036728,-0.9033586382865906,0,0.7320151329040527,0.6181005835533142,-0.28653985261917114,0,0.5598610043525696,-0.8644447326660156,-0.3683701753616333,1],[7,0.5528842806816101,-0.8314140439033508,-0.05539611726999283,0,-0.39337432384490967,-0.20182853937149048,-0.8969512581825256,0,0.734557569026947,0.5177017450332642,-0.43864500522613525,0,0.5805902481079102,-1.0093194246292114,-0.05028695985674858,1],[7,0.3838506042957306,-0.9014934301376343,0.19991888105869293,0,-0.5468106865882874,-0.3963765799999237,-0.7374845147132874,0,0.7440809011459351,0.17376598715782166,-0.6450958251953125,0,0.368690550327301,-1.1291886568069458,0.28803128004074097,1],[7,0.013108194805681705,-0.9894492030143738,-0.14428739249706268,0,0.6912966370582581,0.11322616040706635,-0.7136446833610535,0,0.7224520444869995,-0.09039076417684555,0.6854871511459351,0,0.06654563546180725,-1.1121772527694702,-0.1599535048007965,1],[7,0.009019434452056885,-0.9522995352745056,0.305031955242157,0,0.7089114189147949,-0.20904868841171265,-0.6736046671867371,0,0.7052397727966309,0.22231614589691162,0.6732105016708374,0,0.06110555678606033,-1.1609206199645996,0.39093250036239624,1],[7,-0.17194584012031555,-0.5276097059249878,0.8319031000137329,0,0.9021202325820923,-0.4235852360725403,-0.08218732476234436,0,0.3957446217536926,0.7363447546958923,0.548801064491272,0,-0.17712590098381042,-0.6918140053749084,1.1055423021316528,1],[7,-0.3116053640842438,-0.42547255754470825,0.8496325016021729,0,0.8495853543281555,-0.5252095460891724,0.04857761040329933,0,0.42556652426719666,0.7369723916053772,0.5251333117485046,0,-0.3687388300895691,-0.6165195107460022,1.1383042335510254,1],[7,-0.079841747879982,-0.9924001693725586,-0.09363052994012833,0,0.8832861185073853,-0.02690272592008114,-0.4680613875389099,0,0.4619854688644409,-0.1200733631849289,0.8787214756011963,0,-0.01054882351309061,-1.123056173324585,-0.08685421198606491,1],[7,0.04543990641832352,-0.9199944138526917,0.38928794860839844,0,0.6684072613716125,-0.2616075575351715,-0.6962707042694092,0,0.7424060106277466,0.29184144735336304,0.6030434966087341,0,0.14840145409107208,-1.1292637586593628,0.47420263290405273,1],[7,-0.1856972724199295,-0.5185038447380066,0.8346676230430603,0,0.8923230767250061,-0.44465914368629456,-0.07770223170518875,0,0.4114316403865814,0.7303640246391296,0.5452449917793274,0,-0.14811652898788452,-0.6818390488624573,1.1047816276550293,1],[7,-0.2866858243942261,-0.41045457124710083,0.8656430840492249,0,0.885062575340271,-0.45933791995048523,0.07531680166721344,0,0.3667086958885193,0.7877404689788818,0.4949638247489929,0,-0.2833313047885895,-0.5851688385009766,1.161521315574646,1],[7,-0.25076475739479065,-0.9640510082244873,0.08787904679775238,0,0.8000776171684265,-0.2575029134750366,-0.5418193936347961,0,0.5449706315994263,-0.06555913388729095,0.8358880877494812,0,-0.1771830916404724,-1.1053776741027832,0.10480351001024246,1],[7,-0.2022305428981781,-0.9357800483703613,0.288822740316391,0,0.7387033700942993,-0.33938103914260864,-0.5823554396629333,0,0.6429776549339294,0.09558423608541489,0.7598968148231506,0,-0.11816614866256714,-1.1691818237304688,0.33928537368774414,1],[7,0.11952105164527893,-0.687096118927002,0.7166684865951538,0,0.8922716379165649,-0.24221637845039368,-0.38102829456329346,0,0.4353920519351959,0.6850038170814514,0.5841261148452759,0,0.2950761020183563,-0.8556265830993652,0.8949471712112427,1],[7,0.038955435156822205,-0.5515585541725159,0.8332260847091675,0,0.9696897268295288,-0.1804250180721283,-0.16476862132549286,0,0.2412146031856537,0.8143892288208008,0.5278120040893555,0,0.19463342428207397,-0.7090387940406799,1.0738781690597534,1]],8,8,8,8,8,8,8,8,8,8,8,8,8,8,8,8,8,8,8,8,8,8]]],0,0,[],[],[]],[[[5,".bin",2767001538,{"encoded":true,"compressed":true,"primitives":[{"primitiveMode":7,"jointMapIndex":0,"vertexBundelIndices":[0],"indexView":{"offset":70108,"length":10843,"count":7665,"stride":4}}],"vertexBundles":[{"view":{"offset":0,"length":70108,"count":1518,"stride":72},"attributes":[{"name":"a_position","format":32,"isNormalized":false},{"name":"a_normal","format":32,"isNormalized":false},{"name":"a_texCoord","format":21,"isNormalized":false},{"name":"a_tangent","format":44,"isNormalized":false},{"name":"a_joints","format":42,"isNormalized":false},{"name":"a_weights","format":44,"isNormalized":false}]}],"minPosition":{"x":-1.3676034212112427,"y":-0.15409895777702332,"z":-0.08723495900630951},"maxPosition":{"x":-0.8550013899803162,"y":0.025943702086806297,"z":0.12258168309926987},"jointMaps":[[0,1,2,3,4,5,6,7,8,9,10,11,12,13,14,15,16,17,18,19,20,21]]}],-1],0,0,[],[],[]],[[[15,"hand_Baked",[{"rasterizerState":{},"depthStencilState":{},"blendState":{"targets":[{}]}}],[{"USE_NORMAL_MAP":true,"USE_PBR_MAP":true,"USE_OCCLUSION_MAP":true,"USE_OCCLUSION_MAP2":true,"USE_INDIRECTMAP":true}],[[[{"roughness":0.93},"mainTexture",6,0,"occlusionMap",6,1,"occlusionMap2",6,2,"pbrMap",6,3,"normalMap",6,4,"indirectmap",6,5]],11]]],0,0,[0,0,0,0,0,0,0],[6,7,8,9,10,11,12],[4,5,6,7,8,9,10]]]]
